THRESHOLD: 0.7242999769777744
FHR: 0 2358 0
HFR: 0 0 0
THRESHOLD: 0.7801231578535534
FHR: 35 2304 0.015190972222222222
HFR: 613 613 1.0
THRESHOLD: 0.7863234552570106
FHR: 207 2264 0.09143109540636042
HFR: 932 932 1.0
THRESHOLD: 0.8044768754269799
FHR: 341 2175 0.1567816091954023
HFR: 1709 1709 1.0
THRESHOLD: 0.8234589309354463
FHR: 596 2096 0.28435114503816794
HFR: 2047 2047 1.0
THRESHOLD: 0.8430714308361528
FHR: 561 1984 0.28276209677419356
HFR: 2832 2832 1.0
THRESHOLD: 0.8548132393997724
FHR: 587 1948 0.3013347022587269
HFR: 3121 3121 1.0
THRESHOLD: 0.8651646211302654
FHR: 544 1821 0.29873695771554093
HFR: 3572 3572 1.0
THRESHOLD: 0.8662762312525767
FHR: 729 1727 0.42211928199189347
HFR: 3827 3827 1.0
THRESHOLD: 0.8705179304419061
FHR: 757 1563 0.48432501599488165
HFR: 4438 4475 0.991731843575419
THRESHOLD: 0.8755675077807475
FHR: 840 1283 0.6547155105222136
HFR: 4877 4915 0.9922685656154628
THRESHOLD: 0.8763051014127572
FHR: 682 946 0.7209302325581395
HFR: 5478 5550 0.987027027027027
THRESHOLD: 0.8810267082440311
FHR: 574 787 0.7293519695044473
HFR: 6040 6139 0.9838735950480534
THRESHOLD: 0.8930157123739567
FHR: 427 570 0.7491228070175439
HFR: 6426 6540 0.9825688073394495
THRESHOLD: 0.90802413406598
FHR: 316 399 0.7919799498746867
HFR: 6678 6839 0.9764585465711362
THRESHOLD: 0.9129677486173867
FHR: 274 332 0.8253012048192772
HFR: 6313 6941 0.9095231234692407
THRESHOLD: 0.9173289016795629
FHR: 256 313 0.8178913738019169
HFR: 5706 7038 0.8107416879795396
THRESHOLD: 0.9347181983606023
FHR: 224 259 0.8648648648648649
HFR: 5172 7171 0.7212383210152001
THRESHOLD: 0.9358414375741627
FHR: 146 169 0.863905325443787
HFR: 3795 7391 0.5134623190366662
THRESHOLD: 0.969649727978466
FHR: 59 62 0.9516129032258065
HFR: 3374 7572 0.4455890121500264
