THRESHOLD: 0.1228075424831783
FHR: 0 2358 0
HFR: 0 0 0
THRESHOLD: 0.13119400329027134
FHR: 171 2318 0.07377049180327869
HFR: 319 319 1.0
THRESHOLD: 0.13656323688065927
FHR: 205 2264 0.09054770318021202
HFR: 932 932 1.0
THRESHOLD: 0.14500106278068217
FHR: 268 2228 0.12028725314183124
HFR: 1221 1221 1.0
THRESHOLD: 0.18317561026035753
FHR: 340 2209 0.15391579900407423
HFR: 1318 1318 1.0
THRESHOLD: 0.19690747386500926
FHR: 590 2130 0.27699530516431925
HFR: 1656 1656 1.0
THRESHOLD: 0.22957055387175512
FHR: 663 2041 0.3248407643312102
HFR: 2433 2433 1.0
THRESHOLD: 0.23113153757346877
FHR: 1017 1974 0.5151975683890577
HFR: 2535 2535 1.0
THRESHOLD: 0.23676013873181162
FHR: 1064 1920 0.5541666666666667
HFR: 2668 2668 1.0
THRESHOLD: 0.24174688915350154
FHR: 1162 1826 0.6363636363636364
HFR: 2923 2923 1.0
THRESHOLD: 0.26663409678338
FHR: 1078 1714 0.6289381563593932
HFR: 3708 3708 1.0
THRESHOLD: 0.3218872653813806
FHR: 984 1587 0.6200378071833649
HFR: 4159 4159 1.0
THRESHOLD: 0.3269140189034881
FHR: 871 1428 0.6099439775910365
HFR: 4748 4748 1.0
THRESHOLD: 0.3458560827693795
FHR: 853 1264 0.6748417721518988
HFR: 4869 5396 0.9023350630096367
THRESHOLD: 0.3462290486467527
FHR: 766 1174 0.6524701873935264
HFR: 4979 5616 0.8865740740740741
THRESHOLD: 0.35984738076658535
FHR: 692 1003 0.6899302093718843
HFR: 5116 5915 0.8649196956889265
THRESHOLD: 0.3704549222399994
FHR: 647 896 0.7220982142857143
HFR: 5258 6096 0.8625328083989501
THRESHOLD: 0.37238748435716584
FHR: 515 679 0.7584683357879234
HFR: 5467 6497 0.8414652916730799
THRESHOLD: 0.38970161467178277
FHR: 459 617 0.7439222042139384
HFR: 4776 6567 0.7272727272727273
THRESHOLD: 0.44084681940902154
FHR: 254 337 0.7537091988130564
HFR: 2812 7007 0.40131297274154415
