THRESHOLD: 0.08095952037766718
FHR: 0 2358 0
HFR: 0 0 0
THRESHOLD: 0.09324758871599759
FHR: 27 2304 0.01171875
HFR: 613 613 1.0
THRESHOLD: 0.10324825996482034
FHR: 127 2268 0.05599647266313933
HFR: 902 902 1.0
THRESHOLD: 0.10557184776962714
FHR: 253 2179 0.11610830656264341
HFR: 1679 1679 1.0
THRESHOLD: 0.12121212131075054
FHR: 382 2139 0.17858812529219262
HFR: 1998 1998 1.0
THRESHOLD: 0.15652173986389406
FHR: 343 2027 0.1692155895411939
HFR: 2783 2783 1.0
THRESHOLD: 0.18719211842680006
FHR: 346 2008 0.17231075697211157
HFR: 2880 2880 1.0
THRESHOLD: 0.19134078223584627
FHR: 582 1929 0.30171073094867806
HFR: 3218 3218 1.0
THRESHOLD: 0.19375000010078125
FHR: 489 1770 0.27627118644067794
HFR: 3807 3807 1.0
THRESHOLD: 0.20462633466109847
FHR: 565 1606 0.3518057285180573
HFR: 4358 4455 0.9782267115600449
THRESHOLD: 0.26470588256920424
FHR: 493 1479 0.3333333333333333
HFR: 4810 4906 0.9804321239298818
THRESHOLD: 0.2849162015168065
FHR: 613 1385 0.44259927797833937
HFR: 5040 5161 0.9765549312148808
THRESHOLD: 0.28896103919189586
FHR: 628 1331 0.4718256949661908
HFR: 5050 5294 0.9539100868908198
THRESHOLD: 0.3315677966809779
FHR: 607 1241 0.48912167606768736
HFR: 5265 5514 0.954842219804135
THRESHOLD: 0.35008103738248275
FHR: 476 904 0.5265486725663717
HFR: 5715 6149 0.9294194177915108
THRESHOLD: 0.363829787369398
FHR: 455 687 0.6622998544395924
HFR: 6082 6550 0.9285496183206107
THRESHOLD: 0.37152777799599734
FHR: 379 516 0.7344961240310077
HFR: 6169 6849 0.9007154329099138
THRESHOLD: 0.3888888889737654
FHR: 309 409 0.7555012224938875
HFR: 6275 7030 0.8926031294452347
THRESHOLD: 0.3964497044991422
FHR: 108 129 0.8372093023255814
HFR: 6054 7470 0.8104417670682731
THRESHOLD: 0.46969697009871436
FHR: 59 62 0.9516129032258065
HFR: 3279 7572 0.43304278922345485
