THRESHOLD: 2.8e-10
FHR: 0 445 0.0
HFR: 0 0 0
THRESHOLD: 2.9e-10
FHR: 73 438 0.16666666666666666
HFR: 812 812 1.0
THRESHOLD: 4.2e-10
FHR: 100 414 0.24154589371980675
HFR: 1599 1599 1.0
THRESHOLD: 4.6e-10
FHR: 103 409 0.25183374083129584
HFR: 1959 2121 0.9236209335219236
THRESHOLD: 5.6e-10
FHR: 104 409 0.254278728606357
HFR: 2760 2919 0.9455292908530318
THRESHOLD: 8.5e-10
FHR: 107 387 0.27648578811369506
HFR: 3092 3241 0.9540265350200555
THRESHOLD: 8.8e-10
FHR: 141 371 0.38005390835579517
HFR: 3923 4079 0.9617553321892621
THRESHOLD: 1.08e-09
FHR: 160 366 0.4371584699453552
HFR: 4172 4323 0.9650705528568124
THRESHOLD: 1.2e-09
FHR: 136 306 0.4444444444444444
HFR: 4585 4774 0.9604105571847508
THRESHOLD: 1.9e-09
FHR: 153 293 0.5221843003412969
HFR: 5349 5479 0.9762730425260084
THRESHOLD: 3.03e-09
FHR: 167 281 0.594306049822064
HFR: 5549 5686 0.9759057333802321
THRESHOLD: 3.3e-09
FHR: 206 276 0.7463768115942029
HFR: 5732 5894 0.9725144214455378
THRESHOLD: 1.2e-08
FHR: 190 257 0.7392996108949417
HFR: 6423 6606 0.9722979109900091
THRESHOLD: 3.3e-08
FHR: 193 236 0.8177966101694916
HFR: 7074 7276 0.9722374931280924
THRESHOLD: 0.003
FHR: 197 233 0.8454935622317596
HFR: 7364 7591 0.9700961665129759
THRESHOLD: 0.014
FHR: 119 135 0.8814814814814815
HFR: 8103 8313 0.9747383616023096
THRESHOLD: 0.9999
FHR: 96 109 0.8807339449541285
HFR: 8645 9027 0.9576825080314612
