THRESHOLD: 0.002
FHR: 0 905 0.0
HFR: 0 0 0
THRESHOLD: 0.008
FHR: 26 885 0.02937853107344633
HFR: 829 829 1.0
THRESHOLD: 0.0084
FHR: 32 877 0.036488027366020526
HFR: 1087 1087 1.0
THRESHOLD: 0.01
FHR: 63 873 0.07216494845360824
HFR: 1465 1465 1.0
THRESHOLD: 0.011
FHR: 153 814 0.18796068796068796
HFR: 2213 2213 1.0
THRESHOLD: 0.012
FHR: 187 756 0.24735449735449735
HFR: 3030 3030 1.0
THRESHOLD: 0.013
FHR: 235 662 0.3549848942598187
HFR: 3842 3842 1.0
THRESHOLD: 0.0135
FHR: 306 597 0.5125628140703518
HFR: 4341 4343 0.9995394888326042
THRESHOLD: 0.0138
FHR: 297 586 0.5068259385665529
HFR: 4426 4435 0.9979706877113868
THRESHOLD: 0.018
FHR: 329 542 0.6070110701107011
HFR: 5186 5191 0.999036794451936
THRESHOLD: 0.025
FHR: 324 501 0.6467065868263473
HFR: 5638 5727 0.9844595774401955
THRESHOLD: 0.03
FHR: 294 459 0.6405228758169934
HFR: 6104 6285 0.9712012728719173
THRESHOLD: 0.05
FHR: 279 441 0.6326530612244898
HFR: 6189 6368 0.971890703517588
THRESHOLD: 0.1
FHR: 330 394 0.8375634517766497
HFR: 6599 6867 0.9609727683122179
THRESHOLD: 0.16
FHR: 305 358 0.8519553072625698
HFR: 6730 7062 0.9529878221467006
THRESHOLD: 0.18
FHR: 267 297 0.898989898989899
HFR: 6900 7454 0.9256774885967266
THRESHOLD: 0.19
FHR: 201 222 0.9054054054054054
HFR: 6880 7756 0.887055183084064
THRESHOLD: 0.6
FHR: 153 165 0.9272727272727272
HFR: 7132 8219 0.8677454678184694
THRESHOLD: 0.8
FHR: 102 107 0.9532710280373832
HFR: 6685 8558 0.7811404533769573
THRESHOLD: 0.999
FHR: 23 25 0.92
HFR: 5130 8923 0.5749187492995629
