THRESHOLD: 0.02
FHR: 0 905 0.0
HFR: 0 0 0
THRESHOLD: 0.03
FHR: 28 885 0.031638418079096044
HFR: 829 829 1.0
THRESHOLD: 0.0367
FHR: 36 877 0.04104903078677309
HFR: 1087 1087 1.0
THRESHOLD: 0.05
FHR: 109 866 0.1258660508083141
HFR: 1179 1179 1.0
THRESHOLD: 0.06
FHR: 230 801 0.28714107365792757
HFR: 1680 1680 1.0
THRESHOLD: 0.068
FHR: 300 742 0.40431266846361186
HFR: 2428 2428 1.0
THRESHOLD: 0.07
FHR: 360 701 0.5135520684736091
HFR: 2963 2964 0.9996626180836707
THRESHOLD: 0.077
FHR: 306 607 0.5041186161449753
HFR: 3774 3776 0.9994703389830508
THRESHOLD: 0.08
FHR: 334 603 0.5538971807628524
HFR: 4133 4154 0.9949446316803081
THRESHOLD: 0.085
FHR: 323 545 0.5926605504587156
HFR: 4898 4971 0.9853148259907464
THRESHOLD: 0.09
FHR: 322 501 0.6427145708582834
HFR: 5623 5727 0.9818404050986554
THRESHOLD: 0.099
FHR: 312 483 0.6459627329192547
HFR: 5697 5810 0.9805507745266782
THRESHOLD: 0.13
FHR: 290 447 0.6487695749440716
HFR: 5867 6005 0.9770191507077436
THRESHOLD: 0.18
FHR: 262 405 0.6469135802469136
HFR: 6331 6563 0.9646503123571537
THRESHOLD: 0.24
FHR: 300 358 0.8379888268156425
HFR: 6699 7062 0.9485981308411215
THRESHOLD: 0.26
FHR: 254 283 0.8975265017667845
HFR: 7007 7364 0.9515209125475285
THRESHOLD: 0.27
FHR: 204 222 0.918918918918919
HFR: 7031 7756 0.9065239814337287
THRESHOLD: 0.31
FHR: 156 165 0.9454545454545454
HFR: 7290 8219 0.8869692176663828
THRESHOLD: 0.35
FHR: 99 107 0.9252336448598131
HFR: 6381 8558 0.7456181350782893
THRESHOLD: 0.43
FHR: 80 82 0.975609756097561
HFR: 4226 8730 0.484077892325315
