THRESHOLD: 0.65
FHR: 0 905 0.0
HFR: 0 0 0
THRESHOLD: 0.74
FHR: 31 885 0.03502824858757062
HFR: 829 829 1.0
THRESHOLD: 0.75
FHR: 159 820 0.19390243902439025
HFR: 1330 1330 1.0
THRESHOLD: 0.76
FHR: 219 776 0.2822164948453608
HFR: 2086 2086 1.0
THRESHOLD: 0.769
FHR: 275 735 0.3741496598639456
HFR: 2622 2622 1.0
THRESHOLD: 0.79
FHR: 272 641 0.4243369734789392
HFR: 3434 3434 1.0
THRESHOLD: 0.83
FHR: 325 582 0.5584192439862543
HFR: 4182 4182 1.0
THRESHOLD: 0.84
FHR: 347 578 0.6003460207612457
HFR: 4558 4560 0.999561403508772
THRESHOLD: 0.849
FHR: 342 570 0.6
HFR: 4816 4818 0.9995848899958489
THRESHOLD: 0.87
FHR: 335 559 0.5992844364937389
HFR: 4884 4910 0.994704684317719
THRESHOLD: 0.94
FHR: 327 501 0.6526946107784432
HFR: 5647 5727 0.9860310808451196
THRESHOLD: 0.948
FHR: 378 454 0.8325991189427313
HFR: 6124 6226 0.9836170896241567
THRESHOLD: 0.97
FHR: 351 412 0.8519417475728155
HFR: 6549 6784 0.9653596698113207
THRESHOLD: 0.978
FHR: 340 394 0.8629441624365483
HFR: 6654 6867 0.9689820882481432
THRESHOLD: 0.98
FHR: 309 358 0.8631284916201117
HFR: 6797 7062 0.9624752194845653
THRESHOLD: 0.989
FHR: 265 297 0.8922558922558923
HFR: 7004 7454 0.9396297290045613
THRESHOLD: 0.99
FHR: 228 240 0.95
HFR: 7394 7917 0.933939623594796
THRESHOLD: 0.997
FHR: 158 165 0.9575757575757575
HFR: 7149 8219 0.8698138459666626
THRESHOLD: 0.998
FHR: 104 107 0.9719626168224299
HFR: 6625 8558 0.7741294695022202
THRESHOLD: 0.999
FHR: 23 25 0.92
HFR: 5141 8923 0.5761515185475737
