(4, 0), score = 0.11867816441093465
[[51, 69, 78, 102, 113, 142, 152, 162], [7, 15, 31, 39, 60, 74, 78, 82], [0, 12, 27, 31, 43, 57], [2, 12, 22], [0]]

(9, 0), score = 0.055814556907068276
[[7, 29, 35, 47, 51, 69, 96, 102, 139, 142, 152, 156], [0, 2, 15, 31, 44, 82, 86, 88, 97], [5, 15, 18, 34, 52], [2, 4, 5, 11], [0]]

(0, 0), score = 0.0
[[10, 17, 28, 35, 71, 93], [2, 10, 15, 19, 21, 23, 25, 36, 38, 41, 69], [5, 10, 16, 34, 40, 50], [4, 16], [0]]

(0, 1), score = 0.0
[[10, 17, 22, 28, 31, 35, 69, 71, 72, 82, 93, 125], [2, 3, 10, 12, 15, 21, 23, 25, 36, 38, 69, 77], [10, 16, 34, 40], [4, 10], [0]]

(1, 0), score = 0.0
[[7, 11, 13, 25, 35, 44, 47, 61, 69, 135, 182, 190], [0, 7, 8, 27, 32, 33, 40, 65, 66, 78, 85, 86], [25, 27, 31, 50], [2, 9, 12, 17], [0]]

(1, 1), score = 0.0
[[11, 25, 35, 48, 51, 54, 61, 64, 69, 111, 127, 141], [8, 27, 33, 66, 80, 85, 100], [1, 25, 27, 31, 33, 50], [1, 2, 9, 12, 17], [0]]

(2, 0), score = 0.0
[[25, 28, 35, 44, 69, 202, 203, 209, 211], [9, 36, 38, 40, 56, 85], [41, 42, 50, 53], [9, 10, 11, 20, 25], [0]]

(2, 1), score = 0.0
[[28, 35, 44, 70, 86, 152, 173], [9, 28, 36, 38, 40, 56, 68, 76, 85], [5, 42, 50, 53], [11, 20, 25, 28], [0]]

(3, 0), score = 0.0
[[1, 11, 28, 35, 44, 69, 80, 91, 141], [0, 9, 10, 11, 27, 56, 68, 83, 87, 95], [5, 15, 17, 26, 42], [2, 8, 9, 11, 20, 23], [0]]

(3, 1), score = 0.0
[[1, 11, 23, 28, 35, 69], [0, 9, 10, 31, 56, 68, 87, 95, 101], [5, 15, 26, 42], [2, 8, 9, 11, 20], [0, 1]]

(4, 1), score = 0.0
[[7, 47, 69, 78, 102, 142, 152, 158, 162, 181], [0, 2, 7, 31, 39, 47, 60, 74, 78, 82], [0, 12, 18, 27, 31, 43, 52], [2, 12], [0]]

(5, 0), score = 0.0
[[11, 28, 35, 49, 69, 142, 146, 184], [3, 10, 15, 18, 21, 27, 63, 95, 101], [18, 26, 31], [4, 5, 10], [0]]

(5, 1), score = 0.0
[[11, 69, 81, 111], [3, 10, 21, 27, 87, 95], [26, 31], [4, 10], [0, 1]]

(6, 0), score = 0.0
[[15, 54, 70, 74, 86, 152, 160, 162, 181, 183], [3, 7, 10, 21, 25, 28, 32, 39, 60, 63, 65, 66, 76, 86], [0], [12, 22, 26, 27], [0]]

(6, 1), score = 0.0
[[11, 15, 24, 35, 54, 69, 70, 74, 86, 98, 152], [3, 7, 8, 10, 21, 25, 28, 32, 36, 38, 39, 60, 63, 65, 66], [0, 50], [12, 22, 26, 27], [0]]

(7, 0), score = 0.0
[[7, 23, 25, 28, 29, 31, 35, 36, 58, 102, 104, 139, 156], [0, 47, 69, 77, 85, 86, 89], [10, 16, 19, 26, 40], [10, 11, 16], [0]]

(7, 1), score = 0.0
[[8, 14, 29, 31, 35, 36, 51, 58, 82, 93, 102], [0, 21, 69, 77, 86], [10, 16, 19, 26, 40], [10, 11], [0]]

(8, 0), score = 0.0
[[11, 25, 28, 35, 69, 190], [2, 8, 10, 11, 31, 38, 63, 80, 85, 88, 95], [1, 5, 18, 48], [1, 5, 11, 18, 23, 25], [0]]

(8, 1), score = 0.0
[[11, 25, 35, 69], [8, 10, 31, 63, 80, 85], [1, 5, 18, 48], [1, 5, 11, 23, 25], [0, 1, 2, 3, 4]]

(9, 1), score = 0.0
[[8, 35, 51, 69, 82, 102, 142, 152, 162, 172, 178], [0, 2, 15, 21, 31, 44, 82, 86, 88, 97], [5, 15, 18, 26, 34, 52], [2, 4, 5, 11], [0]]

THRESHOLD == -1e-07
FROM faulty CDP with wrong prediction TO healty CDP with correct prediction: 0 445 0.0
FROM healty CDP with correct prediction TO faulty CDP with wrong prediction: 0 0 0

THRESHOLD == 0.05
FROM faulty CDP with wrong prediction TO healty CDP with correct prediction: 117 124 0.9435483870967742
FROM healty CDP with correct prediction TO faulty CDP with wrong prediction: 6908 8119 0.8508436999630496

THRESHOLD == 0.1
FROM faulty CDP with wrong prediction TO healty CDP with correct prediction: 25 26 0.9615384615384616
FROM healty CDP with correct prediction TO faulty CDP with wrong prediction: 7092 8841 0.8021717000339328

